15.316693837694684
28.163480931658203
1.7167998166705667
6.005326095988261
25.64958625370647
62.106293737213306
35.37018547402556
26.53713399071921
19.013719159764452
11.503975907956121
8.489410848397561
3.268595129996721
77.53035445343033
91.85205879568265
14.02527981074304
91.69064940280761
18.033314247219245
70.92740091098185
56.94758516251025
62.30311949934732
19.51474499415029
3.835947914995963
14.243005321838165
86.7453079476317
24.482014679005747
9.046423008937598
45.400036866326786
46.9582064576478
17.60304216841384
62.94642857142857% accuracy