53.88710301414464
26.097759088119666
68.89331395953651
3.386008764319659
50.41782773310335
73.82516473211311
45.759435614797496
1.6248884416040221
13.389508432860964
38.580207097528984
41.62111018739092
1.2682077098286393
78.15913341222056
90.51563230605538
4.205592986951212
96.2350954370238
94.02830213576289
1.1421754269111961
65.38681924626262
49.42803638230052
92.25368047955588
56.15916628763193
70.43450234252724
26.475315277004874
87.51801891678302
2.090713033599234
47.161645280774586
69.83403293862233
6.196052659983609
62.351190476190474% accuracy