83.01343135340495
22.531541836062797
38.17726892793418
10.637927105999045
28.568298456078757
56.52620087182304
46.09292700226594
32.580123525872786
26.505996722205015
32.6928243269643
18.82819959802392
8.029587230700574
53.784928198425106
78.968148314965
87.14279024083852
78.26034820309576
67.07904693461066
80.39536732666544
42.1628803146756
32.07179887279413
31.75086102331769
28.652346905052294
6.132732893930681
97.26261132099378
53.526108136368634
24.290012285177543
54.92133590307455
29.6878909390625
9.903020908803606
62.27678571428571% accuracy