36.74291605389433
15.385947087249818
9.32696891788275
23.31794625704189
21.702404744632243
92.09340170373747
89.92326726806202
31.889240899324133
7.235301541990946
38.07133874544092
48.4946363685988
12.73536772686974
84.79668748526389
95.91445065851191
82.99972462903773
97.33344406026497
51.11884145275118
39.974385954333044
38.916311988922416
54.82396901294173
35.60463345959741
23.564272290846855
2.582099303430385
84.06032950922787
66.35212900633111
4.9396866893222535
58.10800155918565
54.58959659239569
14.071592184332305
62.72321428571429% accuracy