80.3176714868535
4.044459729456729
1.9072895555153124
25.264014939787806
33.81573664210698
71.19590789363042
35.167419561457805
26.860657619802208
1.2827583222608574
45.257651381413325
60.40123618600156
16.761925740607907
21.786396991005
81.59019140428447
68.45253707898341
92.07984809931116
81.58238450393446
61.37692907159808
62.426074386591054
18.859523820505785
54.153259529182826
22.781339355115684
74.90747766243621
90.09028448100877
65.77549908323361
45.02070640046251
56.83892997670562
70.21062784144188
11.293582900084287
62.351190476190474% accuracy