59.66316273453523
16.129437117513646
67.74906525428275
5.224151334758387
24.376654465043558
99.5440248575228
86.90602642639142
9.32597347334787
51.28189533951834
41.05006541843714
55.3144294115541
26.410095369093924
57.92585818768434
44.97380743046308
40.783296153433334
38.69631402049618
53.43433931979824
19.879726547449785
82.92411999787953
9.92236946329662
18.883612125214043
17.53337852683561
17.633335158349585
51.418980349912445
48.23265338553836
19.106825651832416
31.006861998666345
78.24514356481605
38.706839770606436
62.574404761904766% accuracy