50.18210310338688
32.94719521428389
81.63168851599399
14.494790113339906
2.2808694696840437
63.56044457055715
51.64335452309226
20.310213336583328
5.011106197805226
17.654964748640932
71.18586842839815
6.772736042678851
79.97760470242946
94.51593263402255
54.720967353299635
93.63817403878458
34.64683202243614
15.008093895584384
22.25964017636852
26.549308636850412
2.4061105118758586
27.219968343747436
11.584959737572342
94.35017235914907
48.45861256236199
36.02148467786927
73.26419791416264
62.713881401620185
3.7175193948442264
62.351190476190474% accuracy