30.17337859484279
35.63859305189025
17.97979261183531
26.705816093277768
46.77641584669273
90.8362401547232
21.97145346523658
55.453106820043985
13.55115869466622
10.14694981419606
59.22908539191766
18.762832543785592
52.75577572301437
90.33604710570854
86.21381053928306
88.19988521002156
60.06928236110526
89.25034998273416
46.948694771738495
44.99301428304647
12.524188796215075
0.6362435287997514
9.43489979506895
92.43447014859724
76.53214639547957
44.37652570455253
92.30587987918054
45.09701404660055
0.9693710851650161
62.27678571428571% accuracy