81.18010407712258
30.17450339739319
95.97273871147353
3.3375805368198286
39.796195264349045
76.32502207245531
16.627231215667226
15.130282786569694
49.263520720934025
3.6419292481891907
51.83910381951174
6.143785017484671
69.05761715868533
96.9617176738302
78.27089048832592
96.54191752957848
15.969079550967969
79.78801948953564
92.04250072713813
34.14390177415346
17.70815140491504
0.8239562477974971
88.4010120495351
69.33850045587934
55.08820734194481
16.723091656433485
62.37953589914254
22.37175840457608
30.294770691132367
63.095238095238095% accuracy