4.365261808916399
11.122415019063936
34.13067773998226
11.68178025468154
46.07193685459663
91.33957680202252
5.786922779469883
34.22731129688186
3.2728143363944917
68.40478366866748
97.95482434081104
8.816413622450481
64.14315519536103
96.80364392874712
86.81861924447337
87.17204205551651
0.8859561598484667
37.93477628793567
59.47977908827937
24.981694030825917
84.12861967045838
15.31922255296453
57.02855951021352
76.97777817502794
57.30827210361713
27.366228889997746
79.20266774262828
82.25150652351118
7.364778238309844
62.12797619047619% accuracy