61.98677793960151
17.957858166513162
5.278915299803177
9.451801796691296
50.64152571175512
81.68713319245634
80.96180291696255
21.352466571901285
13.881468205514269
60.21437548381743
61.17399089806308
2.2964304551228665
87.17568464740968
74.87191697305245
78.66834961534022
90.31960773431261
70.2693131020905
5.443803119732193
89.02164845100907
55.89013073013936
21.919463968287534
0.678957403893754
51.09923092051939
87.57698088520164
49.55740094147822
15.83723191759001
63.28297445288579
55.720102508899274
14.66586597964481
62.351190476190474% accuracy